# list of object assets to load in this scene
[ASSETS]
Mario.txt
Coin.txt
Brick.txt
Goomba.txt
Cloud.txt
Ground.txt
BigGrass.txt
SmallGrass.txt
MysBox.txt
Boxes.txt
Pipe.txt
Hud.txt
#
[OBJECTS]
# type	x	y	extra_settings per object type
# type: 0 = Mario , 1 = Brick, 2 = Goomba, 3 = Koopas, 6 = Cloud, 7 = Big grass
# See OBJECT_TYPE constants in AssetIDs.h

#COIN
4	100	120
4	120	120
4	140	120
4	160	120
4	180	120

4	100	100
4	120	100
4	140	100
4	160	100
4	180	100

4	100	80
4	120	80
4	140	80
4	160	80
4	180	80

#CLOUD
6	140	39	2
6	338	30	1
6	670	40	1
6	750	76	3

#GROUND
5 	0	180	15	15	42	510000	520000	530000

5	630	165	15	15	29	510000	520000	530000
5	630	180	15	15	29	540000	550000	560000

#SMALL GRASS

8	164	164	300001
8	180	164	300001
8	196	164	300001

8	675	150	300001
8	690	150	300001
8	705	150	300001
8	720	150	300001
8	735	150	300001
8	750	150	300001

8	1015	150	300001
8	1030	150	300001

#MYSTERY BOX	

9	180	118	600000
9	195	118	600000

9	230	68	600000
9	245	68	600000

9	426	84	600000

9	660	150	600000

9	705	116	600000

#BOXES

10	277	105	15	3	5	700021	700051	
10	245	135	15	3	3	700011	700051	

10	523	75	15	4	7	700041	700051
10	477	105	15	4	5	700011	700051
10	416	135	15	5	3	700031	700051
10	523	150	15	6	2	700031	700051
#PIPE

11	362	132	16	3	800001

#BIG GRASS
#BIG GRASS 1
7	20	164	330000
7	36	164	370000
7	52	164	370000
7	68	164	370000
7	84	164	350000
7	100	164	360000
7	116	164	370000
7	132	164	340000

7	20	148	330000
7	36	148	350000
7	52	148	360000
7	68	148	370000
7	84	148	340000
7	100	148	330000
7	116	148	350000
7	132	148	320000

7	20	132	310000
7	36	132	360000
7	52	132	340000
7	68	132	310000
7	84	132	320000
7	100	132	310000
7	116	132	320000

7	36	116	310000
7	52	116	320000

#BIG GRASS 2

7	815	150	310000
7	830	150	360000
7	845	150	370000
7	860	150	370000
7	875	150	370000
7	890	150	370000
7	905	150	370000
7	920	150	340000
7	935	150	310000
7	950	150	360000
7	965	150	370000
7	980	150	340000

7	830	135	330000
7	845	135	350000
7	860	135	360000
7	875	135	350000
7	890	135	360000
7	905	135	370000
7	920	135	340000
7	950	135	330000
7	965	135	350000
7	980	135	320000

7	830	120	310000
7	845	120	320000
7	860	120	310000
7	875	120	360000
7	890	120	340000
7	905	120	310000
7	920	120	320000
7	950	120	310000
7	965	120	320000

7	875	105	310000
7	890	105	320000


#PORTAL 
50	200	160	216	180	1

#HUD
12	160	220

#GOOMBA
2	220	160

# MARIO
0	30	165

