# list of object assets to load in this scene
[ASSETS]
mario.txt
coin.txt
brick.txt
Cloud.txt
Ground.txt
BigGrass.txt
SmallGrass.txt
MysBox.txt
Boxes.txt
Pipe.txt
#
[OBJECTS]
# type	x	y	extra_settings per object type
# type: 0 = Mario , 1 = Brick, 2 = Goomba, 3 = Koopas, 6 = Cloud, 7 = Big grass
# See OBJECT_TYPE constants in AssetIDs.h

# MARIO
0	30	165

#COIN
4	100	120
4	120	120
4	140	120
4	160	120
4	180	120

4	100	100
4	120	100
4	140	100
4	160	100
4	180	100

4	100	80
4	120	80
4	140	80
4	160	80
4	180	80

#CLOUD
6	138	50	210000
6	338	35	220000
6	670	40	220000
6	770	68	230000

#GROUND
5 	0	180	16	16	40	510000	520000	530000

5	640	164	16	16	31	510000	520000	530000
5	640	180	16	16	31	540000	550000	560000

#SMALL GRASS

8	165	164	300001
8	181	164	300001
8	197	164	300001

8	689	148	300001
8	705	148	300001
8	721	148	300001
8	737	148	300001
8	753	148	300001
8	769	148	300001

8	1084	148	300001
8	1100	148	300001

#MYSTERY BOX	

9	181	116	600000
9	197	116	600000

9	234	68	600000
9	250	68	600000

9	426	84	600000

9	673	148	600000

9	721	116	600000

#BOXES

10	282	100	16	3	5	700021	700051	
10	250	132	16	3	3	700011	700051	

10	522	68	16	4	7	700041	700051
10	474	100	16	4	5	700011	700051
10	410	132	16	5	3	700031	700051
10	522	149	16	6	2	700031	700051
#PIPE

11	362	132	16	3	800001

#BIG GRASS
#BIG GRASS 1
7	20	164	330000
7	36	164	370000
7	52	164	370000
7	68	164	370000
7	84	164	350000
7	100	164	360000
7	116	164	370000
7	132	164	340000

7	20	148	330000
7	36	148	350000
7	52	148	360000
7	68	148	370000
7	84	148	340000
7	100	148	330000
7	116	148	350000
7	132	148	320000

7	20	132	310000
7	36	132	360000
7	52	132	340000
7	68	132	310000
7	84	132	320000
7	100	132	310000
7	116	132	320000

7	36	116	310000
7	52	116	320000

#BIG GRASS 2

7	860	148	310000
7	876	148	360000
7	892	148	370000
7	908	148	370000
7	924	148	370000
7	940	148	370000
7	956	148	370000
7	972	148	340000
7	988	148	310000
7	1004	148	360000
7	1020	148	370000
7	1036	148	340000

7	876	132	330000
7	892	132	350000
7	908	132	360000
7	924	132	350000
7	940	132	360000
7	956	132	370000
7	972	132	340000
7	1004	132	330000
7	1020	132	350000
7	1036	132	320000

7	876	116	310000
7	892	116	320000
7	908	116	310000
7	924	116	360000
7	940	116	340000
7	956	116	310000
7	972	116	320000
7	1004	116	310000
7	1020	116	320000

7	924	100	310000
7	940	100	320000


#PORTAL 
50	200	160	216	180	1

