# id	left	top	right	bottom	texture_id
[SPRITES]
#---------------------------PINK---------------------------------
30801	0	119	15	134	22
30802	17	119	32	134	22
30803	34	119	49	134	22

30804	0	136	15	151	22
30805	17	136	32	151	22
30806	34	136	49	151	22

30807	0	153	15	168	22
30808	17	153	32	168	22
30809	34	153	49	168	22

#-----------------------------BLUE----------------------------
30811	51	119	66	134	22
30812	68	119	83	134	22
30813	85	119	100	134	22

30814	51	136	66	151	22
30815	68	136	83	151	22
30816	85	136	100	151	22

30817	51	153	66	168	22
30818	68	153	83	168	22
30819	85	153	100	168	22

#--------------------------GREEN-----------------------------
30821	102	119	117	134	22
30822	119	119	134	134	22
30823	136	119	151	134	22

30824	102	136	117	151	22
30825	119	136	134	151	22
30826	136	136	151	151	22

30827	102	153	117	168	22
30828	119	153	134	168	22
30829	136	153	151	168	22

#---------------------------WHITE------------------------------
30831	153	119	168	134	22
30832	170	119	185	134	22
30833	187	119	202	134	22

30834	153	136	168	151	22
30835	170	136	185	151	22
30836	187	136	202	151	22

30837	153	153	168	168	22
30838	170	153	185	168	22
30839	187	153	202	168	22

#-------------------SHASOW----------------
30840	221	102	236	117	22
30841	221	119	236	134	22

# ani_id	sprite1_id	time1	sprite2_id	time2	...
[ANIMATIONS]
30850	30801	1000	30802	1000	30803	1000	30804	1000	30805	1000	30806	1000	30807	1000	30808	1000	30809	1000
30851	30811	1000	30812	1000	30813	1000	30814	1000	30815	1000	30816	1000	30817	1000	30818	1000	30819	1000
30852	30821	1000	30822	1000	30823	1000	30824	1000	30825	1000	30826	1000	30827	1000	30828	1000	30829	1000
30853	30831	1000	30832	1000	30833	1000	30834	1000	30835	1000	30836	1000	30837	1000	30838	1000	30839	1000
