# id	left	top	right	bottom	texture_id
[SPRITES]
#------------------------Yellow goomba------------------------
# Walk
30001	0	0	15	15	10
30002	17	0	32	15	10

#Die
30003	34	0	49	15	10

#------------------------Red goomba------------------------
#Fly 
30004	136	68	155	91	10
30005	157	68	176	91	10
30006	178	68	197	91	10
30007	199	68	218	91	10

# Walk
30008	51	0	66	15	10
30009	68	0	83	15	10

#Die
30010	85	0	100	15	10
# ani_id	sprite1_id	time1	sprite2_id	time2	...
[ANIMATIONS]
30050	30001	100	30002	100
30051	30003	100

30052	30004	100	30006	100	30005	100	30007	100
30053	30008	100	30009	100
30054	30010	100