# id	left	top	right	bottom	texture_id
[SPRITES]
# Red koopa
31301	68	17	83	48	10
31302	51	17	66	48	10

31303	34	101	49	132	10
31304	51	101	66	132	10

31305	85	17	100	32	10
31306	85	34	100	49	10

31307	51	51	66	66	10
31308	68	51	83	66	10
31309	85	51	100	66	10

31310	119	68	134	99	10
31311	102	68	117	99	10

31312	68	68	83	99	10
31313	85	68	100	99	10

# Green koopa
31321	17	17	32	48	10
31322	0	17	15	48	10

31323	0	101	15	132	10
31324	17	101	32	132	10

31325	34	17	49	32	10
31326	34	34	49	49	10

31327	0	51	15	66	10
31328	17	51	32	66	10
31329	34	51	49	66	10

31330	51	68	66	99	10
31331	34	68	49	99	10

31332	0	68	15	99	10
31333	17	68	32	99	10

# Para-Koopas
31334	51	68	66	99	10
31335	34	68	49	99	10

31336	0	68	15	99	10
31337	17	68	32	99	10

# ani_id	sprite1_id	time1	sprite2_id	time2	...
[ANIMATIONS]
31350	31301	150	31302	150
31351	31303	150	31304	150

31352	31305	100
31353	31305	50	31306	50
31354	31307	100	31308	100	31309	100

#31355
#31356
#31357
#31358
#31359
#31360
#31361
#31362
#31363

