# id	left	top	right	bottom	texture_id
[SPRITES]

# Red fire piranha plant face left
31101	136	33	151	64	10
31102	153	33	168	64	10
31103	170	33	185	64	10
31104	187	33	202	64	10

# Red fire piranha plant face right
31105	136	101	151	132	10
31106	153	101	168	132	10
31107	170	101	185	132	10
31108	187	101	202	132	10

##########################################

# Green fire piranha plant face left
31111	136	0	151	31	10
31112	153	0	168	31	10
31113	170	0	185	31	10
31114	187	0	202	31	10

# Green fire piranha plant face right
31115	68	101	83	132	10
31116	85	101	100	132	10
31117	102	101	117	132	10
31118	119	101	134	132	10

# Green piranha plant
31119	102	0	117	31	10
31120	119	0	134	31	10

# ani_id	sprite1_id	time1	sprite2_id	time2	...
[ANIMATIONS]
# Red fire piranha plant animations
31150	31101	250	31102	250
31151	31103	250	31104	250
31152	31108	250	31107	250
31153	31106	250	31105	250

31154	31101	100
31155	31103	100
31156	31108	100
31157	31106	100

//
# Green fire piranha plant animations
31158	31111	250	31112	250
31159	31113	250	31114	250
31160	31118	250	31117	250
31161	31116	250	31115	250

31162	31111	100
31163	31113	100
31164	31118	100
31165	31116	100

# Green piranha plant animation
31166	31119	100	31120	100