# id	left	top	right	bottom	texture_id
[SPRITES]
# Help effect
60401	76	188	93	203	26
60402	95	188	108	203	26

# 1Up effect
60403	123	27	140	36	29

# End world font effect
60404	75	145	220	188	23

# Card
60405	50	145	73	172	23
60406	0	145	23	172	23
60407	25	145	48	172	23

# Score effects
60501	25	10	38	19	29
60502	40	10	53	19	29
60503	55	10	68	19	29
60504	70	10	83	19	29
60505	104	16	121	25	29
60506	123	16	140	25	29
60507	85	27	102	36	29
60508	104	27	121	36	29

# ani_id	sprite1_id	time1	sprite2_id	time2	...
[ANIMATIONS]
# Help effect
60450	60401	800	60402	250

# 1Up effect
60451	60403	100

# End world font effect
60452	60404	100

# Card
60453	60405	100
60454	60406	100
60455	60407	100

# Score effects
60551	60501	100
60552	60502	100
60553	60503	100
60554	60504	100
60555	60505	100
60556	60506	100
60557	60507	100
60558	60508	100