# id	left	top	right	bottom	texture_id
[SPRITES]
# Hud
100100	3	116	232	141	23

# Number
100200	76	191	83	198	23
100201	86	191	93	198	23
100202	96	191	103	198	23
100203	106	191	113	198	23
100204	116	191	123	198	23
100205	126	191	133	198	23
100206	136	191	143	198	23
100207	146	191	153	198	23
100208	156	191	163	198	23
100209	166	191	173	198	23

# Power hud
100101	1	175	8	182	23
100102	20	175	35	182	23

# ani_id	sprite1_id	time1	sprite2_id	time2	...
[ANIMATIONS]
# Hud
100150	100100	100

# Number
100250	100200	100
100251	100201	100
100252	100202	100
100253	100203	100
100254	100204	100
100255	100205	100
100256	100206	100
100257	100207	100
100258	100208	100
100259	100209	100

# Power hud
100151	100101	100
100152	100102	100