# list of object assets to load in this scene
[ASSETS]
Resources\WorldMap\DancingShrub.txt
Resources\WorldMap\Hammer_Bros.txt
Resources\WorldMap\Map.txt
Resources\WorldMap\Mario.txt

Resources\Effects.txt
Resources\Hud.txt
[OBJECTS]
# type	x	y	extra_settings per object type
# See OBJECT_TYPE constants in AssetIDs.h

# Map background
19	145	98

# Hud
#12	145	200

# Dancing shrub
20	37	27
20	53	27
20	69	27

20	37	43
20	53	43
20	69	43

20	37	76
20	53	76
20	69	76

20	37	92
20	53	92
20	69	92

20	37	108

20	102	43
20	118	43
20	134	43

20	102	59
20	118	59
20	134	59

20	102	75
20	118	75
20	134	75

20	118	110
20	134	110
20	150	110


20	169	43
20	185	43
20	201	43

20	236	27
20	252	27

20	236	43
20	252	43

20	236	59
20	252	59

20	169	76
20	186	76
20	202	76
20	218	76
20	234	76
20	251	76

20	169	92
20	185	92

20	251	92
20	251	108
20	251	124
20	251	140
20	251	156

# Hammer bros
22	210	130

# Help effect
40	235	109

# Node in map
24	54	60	0100
24	86	60	1010
24	86	27	0101
24	122	27	1100
24	153	27	1101
24	188	27	1100
24	221	27	1001
24	221	60	1010
24	188	60	1100
24	153	60	0111
24	153	95	1010
24	120	95	1100
24	86	95	0111
24	86	77	0001
24	86	130	0011
24	86	160	0110
24	122	160	1100
24	153	160	1010
24	153	130	1101
24	120	130	0100
24	188	130	1100
24	219	130	1000
# Mario world map
23	54	60