# id	left	top	right	bottom	texture_id
[SPRITES]
#------------------------Yellow goomba------------------------
# Walk
30001	0	0	15	15	10
30002	17	0	32	15	10

# Die
30003	34	0	49	15	10

# Die upside down
30004	204	117	219	132	10

#------------------------Red goomba------------------------
# Fly 
30005	136	68	155	91	10
30006	157	68	176	91	10
30007	178	68	197	91	10
30008	199	68	218	91	10

# Walk
30009	51	0	66	15	10
30010	68	0	83	15	10

# Die
30011	85	0	100	15	10

# Die upside down
30012	204	100	219	115	10

# ani_id	sprite1_id	time1	sprite2_id	time2	...
[ANIMATIONS]
30050	30001	100	30002	100
30051	30003	100

30052	30004	100

30053	30005	100	30008	100	30007	100	30006	100
30054	30005	30	30008	30	30007	30	30006	30
30055	30005	100	30006	100

30056	30009	100	30010	100
30057	30011	100

30058	30012	100
