# list of object assets to load in this scene
[ASSETS]
Resources\World1-1\mario.txt
Resources\World1-1\Coin.txt
Resources\World1-1\Brick.txt
Resources\World1-1\Goomba.txt
Resources\World1-1\Cloud.txt
Resources\World1-1\Platform.txt
Resources\World1-1\BigGrass.txt
Resources\World1-1\SmallGrass.txt
Resources\World1-1\MysBox.txt
Resources\World1-1\Boxes.txt
Resources\World1-1\Pipe.txt
Resources\World1-1\Mushroom.txt
Resources\World1-1\PiranhaPlant.txt
Resources\World1-1\FireBullet.txt
Resources\World1-1\Koopas.txt
Resources\World1-1\Leaf.txt
Resources\World1-1\Detector.txt
Resources\World1-1\HardBlock.txt
Resources\World1-1\BlackObject.txt
Resources\World1-1\Card.txt
Resources\World1-1\Sticker.txt
Resources\World1-1\Button.txt

Resources\Effects.txt
Resources\Hud.txt
[OBJECTS]
# type	x	y	extra_settings per object type
# See OBJECT_TYPE constants in AssetIDs.h

# Black object
#16	2453	0	19	12
16	2453	0	35	13
16	2738	0	2	12
16	2437	164	-1	12
16	2641	95	-1	-1
# Cloud
6	140	39	2
6	338	30	1
6	670	40	1
6	750	76	3
6	1140	40	1
6	1610	35	3
6	2277	57	1

6	1380	-45	0
6	1396	-45	0
6	1412	-45	0
6	1428	-45	0

6	1460	-61	0
6	1476	-61	0
6	1492	-61	0
6	1508	-61	0
6	1524	-61	0
6	1540	-61	0
6	1556	-61	0
6	1572	-61	0
6	1588	-61	0
6	1604	-61	0
6	1620	-61	0
6	1636	-61	0
6	1652	-61	0


# Sticker
25	227	-168	2
25	259	-200	1
25	259	-168	1
25	291	-152	2
25	307	-152	3
25	339	-200	3
25	371	-168	3
25	598	-184	2
25	614	-184	3
25	614	-216	2
25	697	-184	3
25	697	-216	3
25	761	-216	2
25	793	-200	1
25	923	-171	1
25	1068	-126	3
25	1150	-110	2
25	1182	-110	1
25	1232	-175	3
25	1332	-191	3
25	1364	-88	3
25	1428	-143	3
25	1475	-143	2
25	1459	-159	3
25	1475	-175	2
25	1588	-200	3
25	1652	-170	3
25	1700	-170	1
25	1828	-154	1
25	1876	-90	1
25	1876	-200	1
25	1908	-200	2
25	2042	-106	1
25	2142	-122	3
25	2287	-216	3
25	2351	-216	3
25	2319	-87	3

# Small grass

8	164	164
8	180	164
8	196	164

8	675	150
8	690	150
8	705	150
8	720	150
8	735	150
8	750	150

8	1015	150
8	1030	150

8	1158	164
8	1174	164
8	1190	164

8	1689	164
8	1705	164
8	1721	164

# Big grass
# Big grass 1
7	20	164	30503
7	36	164	30507
7	52	164	30507
7	68	164	30507
7	84	164	30505
7	100	164	30506
7	116	164	30507
7	132	164	30504

7	20	148	30503
7	36	148	30505
7	52	148	30506
7	68	148	30507
7	84	148	30504
7	100	148	30503
7	116	148	30505
7	132	148	30502

7	20	132	30501
7	36	132	30506
7	52	132	30504
7	68	132	30501
7	84	132	30502
7	100	132	30501
7	116	132	30502

7	36	116	30501
7	52	116	30502

# Big grass 2

7	815	150	30501
7	830	150	30506
7	845	150	30507
7	860	150	30507
7	875	150	30507
7	890	150	30507
7	905	150	30507
7	920	150	30504
7	935	150	30501
7	950	150	30506
7	965	150	30507
7	980	150	30504

7	830	135	30503
7	845	135	30505
7	860	135	30506
7	875	135	30505
7	890	135	30506
7	905	135	30507
7	920	135	30504
7	950	135	30503
7	965	135	30505
7	980	135	30502

7	830	120	30501
7	845	120	30502
7	860	120	30501
7	875	120	30506
7	890	120	30504
7	905	120	30501
7	920	120	30502
7	950	120	30501
7	965	120	30502

7	875	105	30501
7	890	105	30502

# Big grass 3
7	1848	164	30501
7	1864	164	30506
7	1880	164	30507
7	1896	164	30504

7	1864	148	30503
7	1880	148	30505
7	1896	148	30502

7	1864	132	30501
7	1880	132	30502

# Big grass 4
7	2325	164	30503
7	2341	164	30507
7	2357	164	30507
7	2373	164	30507
7	2389	164	30507
7	2405	164	30504

7	2325	148	30503
7	2341	148	30507
7	2357	148	30507
7	2373	148	30507
7	2389	148	30505
7	2405	148	30502

7	2325	132	30503
7	2341	132	30507
7	2357	132	30507
7	2373	132	30507
7	2389	132	30504

7	2325	116	30501
7	2341	116	30506
7	2357	116	30507
7	2373	116	30507
7	2389	116	30504

7	2341	100	30501
7	2357	100	30506
7	2373	100	30507
7	2389	100	30504

7	2357	84	30503
7	2373	84	30507
7	2389	84	30504

7	2357	68	30503
7	2373	68	30505
7	2389	68	30502

7	2357	52	30501
7	2373	52	30502

# Big grass 5
7	2535	164	30508
7	2548	164	30509
7	2596	164	30511

7	2548	148	30510
7	2580	148	30508
7	2596	148	30509

7	2548	132	30510
7	2580	132	30511

7	2548	116	30510
7	2564	116	30508
7	2580	116	30509

7	2548	100	30510
7	2564	100	30511

7	2548	84	30508
7	2564	84	30509

# Big grass 6
7	2708	164	30508
7	2724	164	30509
7	2740	164	30511

7	2724	148	30510
7	2740	148	30511

7	2724	132	30508
7	2740	132	30509

# Brick
1	1912	165	1
1	1928	165	1
1	1944	165	1
1	1960	165	1
1	1976	165	1
1	1992	165	1
1	2008	165	1

1	1928	149	1
1	1944	149	1
1	1960	149	1
1	1976	149	1
1	1992	149	1

1	1944	133	1
1	1960	133	1
1	1976	133	1
1	1992	133	2

1	2056	165	1
1	2072	165	1

1	2056	149	1

# Pipe
11	365	150	15	3	30901	1

11	1760	156	15	2	30901	3

11	1825	150	15	3	30901	2

11	2221	150	15	3	30901	-1

11	2221	0	15	10	30901	-1

11	2285	156	15	2	30901	-1

# Boxes
# The coordinates of x and y are the top-left cube's coordinates

10	277	105	15	3	5	30811	30841
10	245	135	15	3	3	30801	30841

10	523	75	15	4	7	30831	30841
10	477	105	15	4	5	30801	30841
10	416	135	15	5	3	30821	30841
10	523	150	15	6	2	30821	30841

10	1302	90	15	7	6	30811	30841
10	1270	120	15	7	4	30801	30841
10	1238	150	15	7	2	30821	30841

10	2136	44	15	3	9	30821	30841
10	2104	135	15	3	3	30801	30841

10	1287	-89	15	4	2	30801	30841

# Platform
5 	0	180	15	15	42	30401	30402	30403

5	630	165	15	15	29	30401	30402	30403
5	630	180	15	15	29	30404	30405	30406

5 	1126	180	15	15	23	30401	30402	30403

5 	1505	180	15	15	5	30401	30402	30403

5 	1625	180	15	15	38	30401	30402	30403

5 	2214	180	15	15	39	30401	30402	30403

# Coin
4	1050	84
4	1075	60
4	1100	36
4	1125	12
4	1150	-12

4	1303	-150
4	1319	-150
4	1335	-150

4	1444	-125
4	1460	-125

4	1508	-109
4	1524	-109
4	1540	-109
4	1556	-109

4	1588	-125
4	1604	-125
4	1620	-125
4	1636	-125

4	1668	-93

4	1700	-125

4	1732	-109

4	1780	-141

4	1812	-109

# Card
17	2641	95

# Mystery box
9	180	118	1
9	195	118	1

9	230	68	1
9	245	68	2	1

9	426	84	1

9	660	150	2	1

9	705	116	2	1

9	1438	134	2	1


9	1412	-109	2	2

# Hard block
15	1473	102
15	1489	102

15	1533	164
15	1549	164
15	1565	164

15	1549	148
15	1565	148

15	1565	132

15	1625	164
15	1641	164
15	1657	164

15	1625	148
15	1641	148

15	1625	132

15	2214	134
15	2229	134

15	2214	76
15	2229	76

# Koopas
14	600	125	1

14	2055	128	1

14	1325	70	3
14	1350	60	3
14	1370	50	3

# Goomba
2	220	165	1
2	600	165	1
2	870	150	1
2	910	150	1
2	950	135	2

# Black object
16	8	196	172	50
16	8	196	185	50
16	2738	196	2	50

# Mario
#0	50	165
0	245	110
#0	2007	150
#0	1200	156
#0	400	80
#0	1500	100
#0	2573	130

# Hidden platform
5 	1928	284	16	16	32	30407	30407	30407
5 	1928	300	16	16	8	30407	30407	30407
5 	1928	316	16	16	8	30407	30407	30407
5 	1928	332	16	16	8	30407	30407	30407
5 	1928	348	16	16	8	30407	30407	30407
5 	1928	364	16	16	8	30407	30407	30407
5 	1928	380	16	16	8	30407	30407	30407
5 	1928	396	16	16	8	30407	30407	30407
5 	1928	412	16	16	8	30407	30407	30407
5 	1928	428	16	16	8	30407	30407	30407
5 	1928	444	16	16	8	30407	30407	30407

5 	1928	460	16	16	32	30407	30407	30407
5 	1928	476	16	16	32	30407	30407	30407
5 	1928	492	16	16	32	30407	30407	30407
5 	1928	508	16	16	32	30407	30407	30407

5 	2088	300	16	16	12	30407	30407	30407

5 	2312	300	16	16	8	30407	30407	30407
5 	2312	316	16	16	8	30407	30407	30407
5 	2312	332	16	16	8	30407	30407	30407
5 	2312	348	16	16	8	30407	30407	30407
5 	2264	364	16	16	11	30407	30407	30407
5 	2248	380	16	16	12	30407	30407	30407
5 	2232	396	16	16	13	30407	30407	30407
5 	2216	412	16	16	14	30407	30407	30407
5 	2200	428	16	16	15	30407	30407	30407
5 	2184	444	16	16	16	30407	30407	30407

# Coin at hidden place
4	2136	348
4	2152	332
4	2168	332
4	2184	348
4	2184	364
4	2168	380
4	2152	380
4	2184	396
4	2184	412
4	2136	412
4	2152	428
4	2168	428

# Black pipe
11	2064	308	16	2	30905	-1
11	2288	308	16	2	30905	-1

# Hud
12	151	204

# Portal
50	526	50	10	10	2
50	2289	330	20	10	2




